9804
3080
4425
2295
0850
8340
8850
9225
4082
0957
6777
0177
8324
4351
0693
2099
1907
5630
0975
1205
8840
8360
6204
6979
9439
5096
6291
2899
9014
1841
2548
5720
5748
4046
7294
6941
2486
8455
7776
0068
8942
7004
1309
2922
9307
5599
4854
8160
4098
4154
5906
1249
3437
6852
5498
4852
8547
7571
5768
6496
6850
7286
0492
3610
5609
1502
1654
9629
1289
2908
6093
6455
5844
1400
6125
0596
1187
5320
4734
9423
3520
6619
9990
8812
5653
6273
0005
5775
3049
1764
4645
1343
5465
3498
1365
0396
2336
4934
3545
6044
5961
5938
7024
9851
1557
1442
7333
0168
4397
4481
7320
6908
1800
0279
8647
2217
3982
7885
8478
9092
9018
3802
8507
7570
4073
0474
0289
2444
3444
1379
2386
1204
0729
2374
4176
7424
7584
0921
9692
7298
2202
9820
2910
4230
5460
5406
1781
1968
2560
1182
4921
2639
0213
8364
3547
2348
7136
9256
9288
2018
3929
4065
4855
7499
5105
3940
0587
5248
6685
1330
2376
6538
4763
0033
7757
0386
4313
6439
3129
7925
5738
9124
8068
5138
4576
3935
0715
4587
5932
3889
2405
7647
9485
9446
5773
9255
1146
6641
2943
4243
6178
7255
0182
5375
3939
9215
1391
9704
6879
5803
3913
4294
8735
3541
9956
6186
5114
4948
8195
9675
4960
7706
9646
0097
7473
2395
7183
3603
6221
6406
9441
4512
9932
7203
3625
3824
6343
8865
8396
5249
7816
1086
4730
1757
9924
4999
2251
8994
7056
8809
3441
7596
3079
8751
0138
1269
8226
1595
6673
1081
3348
8805
7134
3925
2770
1140
9774
7772
5219
8701
1813
1723
4792
4426
8832
2841
5784
2646
7690
6325
9655
2118
2538
7457
1473
7582
2741
2973
1513
8172
3015
2072
9609
5404
6255
7191
5325
7152
2957
0062
1909
7137
7807
7049
7383
0903
5732
2192
8244
6361
0863
7895
4008
7622
9528
6570
1097
6775
1105
1705
4704
0084
0468
3181
5182
8952
9154
4845
6472
9403
7211
9107
8246
5267
2026
3112
0710
3884
7610
4039
4503
0126
9388
3886
0933
5039
0870
9447
2165
6198
0247
7026
1150
6019
1827
5728
8154
6567
5566
6828
6987
2496
1394
7992
2253
7867
5032
1892
8444
9146
4588
6899
2742
3766
1007
2327
5581
8476
7590
7199
1224
7105
8128
3367
3299
2312
7492
7845
4596
6726
2335
1369
0515
4693
3216
0306
1771
9040
7899
8938
3737
2051
9382
0422
9616
2623
5456
2699
7817
6968
5806
6420
9119
6810
5365
1996
8095
8348
5663
9651
6189
7714
6796
4955
2218
4496
3272
7748
2840
6699
8116
1444
4335
2778
0497
0849
3150
8049
7679
1157
3155
1901
3559
6766
2904
4078
4818
0531
8380
6568
1138
6099
5268
3169
5194
6272
3687
4323
6721
3156
7842
9635
1933
4936
8841
0607
4654
7769
7609
6637
2398
7398
3104
9556
3619
1209
1433
7210
7464
3385
1925
7029
7753
1404
9665
1535
7185
4804
5925
1484
2317
5074
7371
4501
3692
0525
3996
8039
2209
9521
8056
8833
4304
2856
1673
4841
9395
3635
1201
1098
3274
5454
8574
4674
3281
4830
8531
6764
6687
3852
9453
6946
2864
9304
4506
1314
3248
7042
0054
9713
9419
1778
6978
8188
1548
1453
1158
4087
8249
8431
0298
5767
0345
1199
0691
9007
6844
8734
8345
4514
8077
8802
4085
7900
5718
8949
2332
0357
0291
2622
6153
2891
8848
6378
1650
4902
9536
2304
1162
6160
0544
7415
7823
8789
9196
0260
6856
5488
6837
2867
3814
2385
8633
6744
6650
0944
9881
0965
4881
2239
6595
8124
1748
0779
7759
3561
9285
3042
6293
1992
5846
1687
5496
8858
9638
4237
7942
6036
4321
6860
4814
3641
5287
0313
0524
2159
4967
0323
8357
8180
7460
2591
3006
8800
7231
2849
2257
6540
7973
5786
1985
8064
9495
6441
4768
7557
6809
6252
0337
4529
3341
0636
3780
1994
9830
2504
2340
1507
3056
1164
8343
5560
2986
1275
7949
0963
2344
1434
9735
4235
0670
5947
8460
4102
0879
9719
4591
1438
7097
0282
3410
7318
8698
5950
0556
4609
6876
6047
2928
5549
7317
2818
7226
0246
3090
7095
8722
4149
1898
5953
5707
9861
8148
9887
5742
1954
9855
2334
7800
0281
2465
6453
2246
0611
3853
1784
7268
4741
6041
3229
0814
6623
2763
9611
4096
1957
0545
2478
1294
4976
1989
9383
8155
6857
8492
0769
0217
7414
8879
0284
7296
9859
7931
8589
3427
2670
0449
8074
8528
7234
9875
3335
6634
1629
4066
9431
4810
4624
9207
2289
1125
1200
6333
6962
1423
8482
8801
7084
1274
1601
8197
2809
6171
9385
6882
2194
4459
6648
1165
1675
6157
3394
3008
5631
9700
8245
4142
2173
7605
9825
1745
7707
8623
8034
8618
2313
0937
4322
8617
8886
2820
2375
7863
8700
6842
3489
9199
3452
0633
7617
4430
1392
1003
8869
0979
7289
7370
7911
0616
7082
9637
2275
9879
2047
4239
4607
0170
0041
4155
5466
0095
7702
6292
7200
5888
9857
5974
9407
4336
4387
8971
4395
4998
3774
3675
3662
4597
4850
2896
1787
6449
7953
9411
6258
0887
1552
9444
1087
0675
5400
4742
9931
8005
6483
5684
1156
1572
1943
6872
9520
7139
3124
9073
7434
3834
7862
0478
9680
4714
3539
1378
7112
6156
9643
0052
9471
8411
1522
3371
8953
3591
9328
4825
5813
8149
2954
0800
7717
7633
2066
9835
3001
2532
3870
7500
2320
7699
3413
9893
4545
5216
8130
8787
2772
7950
4228
0915
8052
0588
0314
4718
1223
0621
3324
7358
2055
7639
5244
1857
4994
0657
4442
9464
8615
7067
1381
1751
5818
1237
6722
6651
0082
7375
4193
2343
0884
7216
2822
3409
0029
1071
4992
3454
0423
7476
4368
1361
6035
9798
8159
6335
1368
7710
0078
4700
7658
8725
0142
0513
9813
5344
7977
6180
6094
6131
3259
7345
8853
1948
7728
1095
0583
7239
4491
2641
1263
2970
7765
6138
4762
7856
8919
5290
7089
0802
9310
0462
8825
0192
7014
9567
9093
5343
4072
2911
1472
1931
2552
6377
0858
