9804
3080
4425
2295
850
8340
8850
9225
4082
957
6777
177
8324
4351
693
2099
1907
5630
975
1205
8840
8360
6204
6979
9439
5096
6291
2899
9014
1841
2548
5720
5748
4046
7294
6941
2486
8455
7776
68
8942
7004
1309
2922
9307
5599
4854
8160
4098
4154
5906
1249
3437
6852
5498
4852
8547
7571
5768
6496
6850
7286
492
3610
5609
1502
1654
9629
1289
2908
6093
6455
5844
1400
6125
596
1187
5320
4734
9423
3520
6619
9990
8812
5653
6273
5
5775
3049
1764
4645
1343
5465
3498
1365
396
2336
4934
3545
6044
5961
5938
7024
9851
1557
1442
7333
168
4397
4481
7320
6908
1800
279
8647
2217
3982
7885
8478
9092
9018
3802
8507
7570
4073
474
289
2444
3444
1379
2386
1204
729
2374
4176
7424
7584
921
9692
7298
2202
9820
2910
4230
5460
5406
1781
1968
2560
1182
4921
2639
213
8364
3547
2348
7136
9256
9288
2018
3929
4065
4855
7499
5105
3940
587
5248
6685
1330
2376
6538
4763
33
7757
386
4313
6439
3129
7925
5738
9124
8068
5138
4576
3935
715
4587
5932
3889
2405
7647
9485
9446
5773
9255
1146
6641
2943
4243
6178
7255
182
5375
3939
9215
1391
9704
6879
5803
3913
4294
8735
3541
9956
6186
5114
4948
8195
9675
4960
7706
9646
97
7473
2395
7183
3603
6221
6406
9441
4512
9932
7203
3625
3824
6343
8865
8396
5249
7816
1086
4730
1757
9924
4999
2251
8994
7056
8809
3441
7596
3079
8751
138
1269
8226
1595
6673
1081
3348
8805
7134
3925
2770
1140
9774
7772
5219
8701
1813
1723
4792
4426
8832
2841
5784
2646
7690
6325
9655
2118
2538
7457
1473
7582
2741
2973
1513
8172
3015
2072
9609
5404
6255
7191
5325
7152
2957
62
1909
7137
7807
7049
7383
903
5732
2192
8244
6361
863
7895
4008
7622
9528
6570
1097
6775
1105
1705
4704
84
468
3181
5182
8952
9154
4845
6472
9403
7211
9107
8246
5267
2026
3112
710
3884
7610
4039
4503
126
9388
3886
933
5039
870
9447
2165
6198
247
7026
1150
6019
1827
5728
8154
6567
5566
6828
6987
2496
1394
7992
2253
7867
5032
1892
8444
9146
4588
6899
2742
3766
1007
2327
5581
8476
7590
7199
1224
7105
8128
3367
3299
2312
7492
7845
4596
6726
2335
1369
515
4693
3216
306
1771
9040
7899
8938
3737
2051
9382
422
9616
2623
5456
2699
7817
6968
5806
6420
9119
6810
5365
1996
8095
8348
5663
9651
6189
7714
6796
4955
2218
4496
3272
7748
2840
6699
8116
1444
4335
2778
497
849
3150
8049
7679
1157
3155
1901
3559
6766
2904
4078
4818
531
8380
6568
1138
6099
5268
3169
5194
6272
3687
4323
6721
3156
7842
9635
1933
4936
8841
607
4654
7769
7609
6637
2398
7398
3104
9556
3619
1209
1433
7210
7464
3385
1925
7029
7753
1404
9665
1535
7185
4804
5925
1484
2317
5074
7371
4501
3692
525
3996
8039
2209
9521
8056
8833
4304
2856
1673
4841
9395
3635
1201
1098
3274
5454
8574
4674
3281
4830
8531
6764
6687
3852
9453
6946
2864
9304
4506
1314
3248
7042
54
9713
9419
1778
6978
8188
1548
1453
1158
4087
8249
8431
298
5767
345
1199
691
9007
6844
8734
8345
4514
8077
8802
4085
7900
5718
8949
2332
357
291
2622
6153
2891
8848
6378
1650
4902
9536
2304
1162
6160
544
7415
7823
8789
9196
260
6856
5488
6837
2867
3814
2385
8633
6744
6650
944
9881
965
4881
2239
6595
8124
1748
779
7759
3561
9285
3042
6293
1992
5846
1687
5496
8858
9638
4237
7942
6036
4321
6860
4814
3641
5287
313
524
2159
4967
323
8357
8180
7460
2591
3006
8800
7231
2849
2257
6540
7973
5786
1985
8064
9495
6441
4768
7557
6809
6252
337
4529
3341
636
3780
1994
9830
2504
2340
1507
3056
1164
8343
5560
2986
1275
7949
963
2344
1434
9735
4235
670
5947
8460
4102
879
9719
4591
1438
7097
282
3410
7318
8698
5950
556
4609
6876
6047
2928
5549
7317
2818
7226
246
3090
7095
8722
4149
1898
5953
5707
9861
8148
9887
5742
1954
9855
2334
7800
281
2465
6453
2246
611
3853
1784
7268
4741
6041
3229
814
6623
2763
9611
4096
1957
545
2478
1294
4976
1989
9383
8155
6857
8492
769
217
7414
8879
284
7296
9859
7931
8589
3427
2670
449
8074
8528
7234
9875
3335
6634
1629
4066
9431
4810
4624
9207
2289
1125
1200
6333
6962
1423
8482
8801
7084
1274
1601
8197
2809
6171
9385
6882
2194
4459
6648
1165
1675
6157
3394
3008
5631
9700
8245
4142
2173
7605
9825
1745
7707
8623
8034
8618
2313
937
4322
8617
8886
2820
2375
7863
8700
6842
3489
9199
3452
633
7617
4430
1392
1003
8869
979
7289
7370
7911
616
7082
9637
2275
9879
2047
4239
4607
170
41
4155
5466
95
7702
6292
7200
5888
9857
5974
9407
4336
4387
8971
4395
4998
3774
3675
3662
4597
4850
2896
1787
6449
7953
9411
6258
887
1552
9444
1087
675
5400
4742
9931
8005
6483
5684
1156
1572
1943
6872
9520
7139
3124
9073
7434
3834
7862
478
9680
4714
3539
1378
7112
6156
9643
52
9471
8411
1522
3371
8953
3591
9328
4825
5813
8149
2954
800
7717
7633
2066
9835
3001
2532
3870
7500
2320
7699
3413
9893
4545
5216
8130
8787
2772
7950
4228
915
8052
588
314
4718
1223
621
3324
7358
2055
7639
5244
1857
4994
657
4442
9464
8615
7067
1381
1751
5818
1237
6722
6651
82
7375
4193
2343
884
7216
2822
3409
29
1071
4992
3454
423
7476
4368
1361
6035
9798
8159
6335
1368
7710
78
4700
7658
8725
142
513
9813
5344
7977
6180
6094
6131
3259
7345
8853
1948
7728
1095
583
7239
4491
2641
1263
2970
7765
6138
4762
7856
8919
5290
7089
802
9310
462
8825
192
7014
9567
9093
5343
4072
2911
1472
1931
2552
6377
858
2426
6494
1698
6949
1706
7189
1347
1894
5600
9754
5315
251
258
9012
1990
548
3736
6297
7074
4744
945
2533
340
6678
5533
7326
5941
6459
6982
8762
552
8836
4640
1282
4701
1447
9287
2299
9630
1319
6464
1022
5512
4353
7344
2933
1362
6820
8920
6718
5214
3735
2985
6532
868
8281
262
9877
6086
8827
9513
6229
9867
2767
5380
1262
1694
5722
5804
7940
1999
8390
5506
8890
2382
8295
6633
1811
3928
6723
1067
235
3133
4148
9369
7354
3629
5478
8990
2354
738
9134
6693
6274
1283
1175
7626
9977
1663
4229
5319
7154
5807
4546
9468
5240
4120
259
3310
883
3161
8690
7181
4452
760
3083
625
1949
7213
1376
4020
3632
4339
2865
7352
1429
7041
1213
1578
1533
9033
9353
2058
2416
7677
9066
5225
5443
8783
3961
7752
4560
140
3485
8660
1034
648
6990
379
9972
6224
6106
3041
167
8596
3308
1850
3192
5395
5213
293
3661
382
4025
3231
720
4198
3037
9641
8738
6097
9660
4374
4528
6336
3330
5179
9926
5385
338
9079
2693
456
6208
1602
5875
1779
5698
6878
4685
1699
4681
2647
8765
2168
4052
1052
6394
6508
442
7270
5624
7195
1441
1231
5379
269
644
6870
3537
6233
4920
4592
8140
7509
663
7241
6733
4987
590
389
9387
9123
4764
2917
907
3390
8661
183
8236
6696
6074
301
7244
1636
8454
755
6734
9027
5024
7902
3887
5915
6736
8072
4002
5334
9938
1505
9685
1177
2764
4238
8239
5523
2862
6936
797
6873
7837
4590
4569
3099
9730
310
9965
7963
7360
4174
9435
988
2469
4446
6012
9433
9259
7425
1180
9048
1338
5204
2268
6396
2806
9578
8320
8877
3771
1808
421
964
2223
3527
3670
8181
7292
6841
4190
3923
9673
2812
4574
1976
1250
8023
6278
3823
5696
5661
8892
4100
51
7109
8103
4857
506
1245
645
4326
5313
1069
2097
6127
9080
3628
4488
5091
2508
6217
8055
4303
5079
7681
9868
1982
2734
7554
2789
5494
9177
5816
4564
6707
5151
520
6577
2850
3211
9000
3050
857
2029
7147
8293
1742
1540
6537
3548
334
8010
2572
9064
9739
7428
1161
200
2624
1728
5401
2583
1327
6838
9819
5635
7227
8544
4161
2079
3101
5562
4359
3695
4526
6140
2689
3179
5250
1184
4106
7193
5817
4014
1586
1342
1795
2645
4885
3419
2276
9627
3035
401
7751
3947
1460
843
6155
5253
3139
9948
2932
57
2418
7421
709
3613
5758
2367
8915
3031
5843
6917
3906
1769
5041
7243
2700
5147
4080
2868
4678
6758
5526
4801
8976
2566
9733
9496
1454
4635
6379
5625
557
5574
4748
2101
248
6793
1477
2855
7574
2380
8141
1528
9600
5589
1148
2196
2697
8167
6062
4820
2854
5226
7222
489
2225
6797
5272
2787
9771
893
7846
6132
7736
5206
4736
9959
4846
9402
6654
7894
9962
6060
5507
6706
5838
5604
3924
5118
5881
1924
5791
5621
7716
626
8712
1258
6646
8588
9025
2671
9955
1953
7944
2113
3071
1801
5825
8367
6005
4599
5557
5820
6473
8744
4023
5035
5141
6708
609
487
5910
7930
2172
4319
5036
5921
9506
1844
2829
1096
295
1483
9041
5099
8486
223
1036
2644
8255
3723
7247
4317
7246
8241
756
7548
9078
6640
6191
2651
8669
4856
5127
3411
3798
3496
3343
5708
1426
9036
1463
8417
803
7121
4241
5149
3970
4601
4055
6572
2302
2135
2128
5561
5789
6312
8424
3627
8776
2457
5140
4215
3901
746
1815
4631
662
431
5289
5633
8718
929
9632
6791
9802
926
2992
2068
8646
9871
1128
3105
7348
6055
1794
3120
4567
9082
3447
8247
8373
9634
3665
7853
2627
6786
264
3680
1111
2509
1305
2244
9577
6578
853
253
6999
9604
5437
2252
451
8958
4211
4132
5107
2963
6203
266
9614
697
9980
8516
7108
5905
9185
4795
8774
911
404
211
9903
7781
2558
6393
7304
5236
8996
3637
6357
4951
2138
637
1543
2640
9271
6867
9202
8761
8392
4015
5093
6493
7764
9494
7283
501
7890
3750
409
3686
931
4786
4859
4184
3605
5978
2542
4108
2353
8094
8276
7007
7407
339
2944
8331
2524
1766
8855
3738
8349
9003
7559
3657
3743
6948
2688
5490
3640
5432
1341
7196
9194
1758
953
606
6924
6628
668
7704
6992
5369
6206
2705
8810
9592
8036
6727
3531
942
6130
7642
579
7396
4064
7432
4731
6018
1401
6359
8213
4399
2871
8639
4186
5749
8028
5019
4471
3442
6807
3162
1729
1208
5914
9187
2786
6954
9970
8221
3725
6445
3863
265
2950
9883
3309
7737
40
701
4312
9267
196
173
2053
5129
1085
157
6919
7621
5279
5246
1364
5877
989
6509
3034
2169
4435
4460
9321
120
7630
8601
2434
6760
4680
7766
4035
2234
5778
1665
9554
9016
1596
2070
9152
4553
6964
767
5639
5229
160
4656
1219
2843
6552
5943
2797
1296
8987
7838
6270
8359
7498
2098
2430
1563
5441
5593
6909
8663
5108
4281
5005
316
3312
6653
476
1313
2229
4580
5193
6337
7204
4552
5378
1406
2369
6705
6831
8918
5904
7019
4819
1048
9341
6457
2261
2714
1334
2264
5970
4641
2567
1883
8576
6429
1435
1760
6591
2974
838
2725
5473
9971
3368
2781
2167
1762
6142
7036
1083
4769
3920
4143
7347
5429
6682
8209
4875
398
554
1142
2691
665
4370
4189
5999
5451
8361
8881
1310
4111
783
4291
5936
8707
2869
5274
1610
2530
8145
9725
364
8807
6741
4622
796
9391
3650
2144
7416
4480
962
4621
5979
4877
1009
2292
341
2092
993
3016
6906
1938
7603
4285
6115
4403
6043
7912
5493
9682
6433
6419
7411
7674
7777
5766
9349
9695
8674
5769
818
9921
4783
6679
5541
2737
3000
9519
4195
2571
5192
2387
1345
2652
8389
1001
6607
1084
2077
6672
3346
7645
8321
2601
1120
1878
4727
7831
5027
1057
2616
679
2802
9095
9922
3694
3396
8177
7184
4259
4555
8652
149
9020
7687
9126
327
7401
9191
7851
14
695
1603
9785
5161
5619
8916
2814
9818
4929
7698
8549
1622
3993
2955
3250
7132
7565
8526
739
4627
6427
3381
6452
8632
2461
9759
2966
1920
7956
6027
1228
7826
9351
6175
4957
2224
7122
2008
6519
585
5178
9266
1960
3509
3542
3300
2406
6342
5072
3117
8891
7099
3679
615
3494
214
1436
8218
7309
9885
6412
5942
5819
9831
761
4255
7175
7141
6403
1625
1942
8491
1186
7543
6940
7254
922
7606
4926
1110
6584
5009
9615
3885
6082
7799
3710
6973
2206
4931
4490
6644
6955
2071
6934
1573
8842
6280
1589
79
6170
4823
325
3606
2399
2602
4129
751
5318
1691
6671
8308
305
2009
5292
4610
1280
1037
9557
4386
6111
2507
4604
8565
4507
2668
9640
8445
5356
535
6931
5153
4089
6576
3563
8088
2747
4181
8436
5991
1437
7542
5098
3945
2631
7779
6059
6091
3900
5349
5167
2164
496
580
7025
992
4134
9890
7513
5887
7493
3465
5115
2801
5398
5993
5399
8447
8067
3832
5068
7643
3362
2338
8957
8259
7689
9666
3989
2959
9981
9799
2137
3955
7417
6368
4989
7033
1550
4463
7873
3011
7929
3294
6729
5282
7928
1059
6409
635
6683
5238
949
4191
480
7624
5980
2448
8983
4010
3987
6512
8947
5327
6754
6511
690
4729
7975
9451
4092
1621
7280
5495
7039
4608
2650
9478
7934
5567
3804
1927
6387
706
2488
3822
9130
3303
9253
1614
7611
5150
6963
8837
5737
563
1074
2090
8183
2462
5424
9795
9833
6338
4288
6251
7824
3118
9991
7572
4710
3247
1653
8301
6450
2043
3702
8275
537
2593
4548
3086
1503
1860
8196
8050
81
741
5164
828
985
5403
2080
808
3892
6847
3173
8999
4302
215
2730
1093
4703
3026
6558
3320
6149
1774
7958
5517
216
9721
1946
5499
5407
6120
2308
1038
5531
1419
26
2123
58
6213
9995
5434
1518
7749
6756
7813
6627
4227
7361
8422
2015
5221
7469
7713
9552
3808
1227
9088
1672
5570
6454
6581
9507
996
8263
7388
8355
3142
2905
4603
4498
3765
7840
5754
391
9591
3693
1967
6028
1244
8519
6930
8941
7819
6440
1884
2502
959
4473
9456
3375
8815
8493
1575
6833
3719
9319
8105
4887
9149
4687
1474
8496
3758
3474
7724
6818
3666
3593
24
7487
6704
9828
1160
6529
2214
4465
1035
9455
5263
9769
2701
5121
1752
5587
368
3759
7306
9467
522
3473
1872
8936
6790
9278
9162
5897
5462
3093
8497
5928
5734
2621
3284
1153
3464
1286
7045
1807
9741
9076
3187
2794
483
8270
539
9684
9533
8727
4652
2270
9390
4388
8313
874
6210
9597
3912
6031
252
9953
8219
5927
8687
4625
608
9132
7135
2655
1501
8356
3502
7652
2657
1747
1031
8163
1541
7057
4472
3102
7043
972
218
8569
8274
973
4054
4909
8404
5753
5049
7505
1973
8806
9343
9949
3072
7186
292
1064
7722
7365
4988
5174
7892
7040
1092
6219
2134
5254
5946
712
2927
4178
7431
3597
4133
6383
1835
6288
6759
5759
1076
3225
1380
3013
721
5333
8556
4412
7267
136
1897
3534
5389
762
44
5700
6712
7935
2706
9689
1832
6811
674
3707
7787
5405
6743
7287
1836
7489
7422
7727
2620
3243
3818
2598
5556
5094
4311
9998
9104
2643
4673
6485
8773
3208
6822
6935
1017
2969
5353
1488
3428
2837
1008
6750
2588
1137
4070
2989
6237
2501
4901
9654
464
8946
651
5522
1108
5012
634
3998
8083
3524
473
4577
4872
9863
8025
6467
6241
5417
934
4716
2938
6639
4147
2769
9366
2661
9158
3184
1721
7480
2174
7668
2582
7861
5408
3895
5211
9515
3197
184
3659
5479
7965
387
6150
6864
5373
876
8769
5482
6354
3997
3994
790
6159
2858
6061
4398
7485
4421
2235
1428
4927
6880
5442
7914
7215
3716
7462
6360
4315
224
8602
6782
2328
6994
8336
1202
15
928
1306
8127
8019
6107
1113
8310
2916
1449
6048
4012
9626
5018
6113
7250
3500
3366
1221
3491
9023
8338
6104
466
1944
781
4280
5461
2549
7217
2578
7804
7064
7556
5673
4007
9071
725
4977
2793
6763
8091
3113
8770
4128
6010
4939
9645
6522
3578
7090
7009
5004
3127
8107
6970
9748
2126
671
5370
1683
8446
3789
9788
1549
2145
5828
5237
2207
7023
1613
2000
6341
8384
1623
7446
9032
92
713
5286
1666
1445
2920
234
6787
2791
7875
4647
9576
7266
9841
1875
5876
9973
916
9459
6196
5396
9775
1462
9394
2633
3949
3203
9313
4638
6090
5934
1075
925
2176
3032
7390
5552
2407
8939
4204
6353
7240
4200
5303
7468
1570
7078
4298
9779
3857
1256
836
6950
7453
3073
3931
7173
967
9545
2838
8076
6505
4058
2166
2956
9776
1530
5515
7858
5854
1998
7219
8523
9484
4754
2575
5170
2433
6404
2680
8341
3254
7050
6321
8243
172
6053
8277
747
6804
6220
9182
8775
5023
4455
3353
4866
6602
969
7984
5863
3439
2011
2294
1858
5643
7829
2722
4206
7335
3318
4907
5996
5064
2813
8908
6015
4037
2381
5687
4530
4933
2147
3515
2924
8731
5607
2089
5197
7510
9608
380
9211
6836
3417
3856
383
623
3952
3700
3134
3357
6286
1107
1268
6606
3488
4094
3282
7013
4958
8710
7948
2819
780
9550
6521
3620
7583
8830
5416
5323
6030
9786
4557
656
6890
2107
1055
3957
5822
1689
7052
1181
3715
8082
5636
8065
5423
562
7003
8412
1987
263
1478
3136
5620
6050
3266
7742
8214
5867
4201
9042
1763
4192
6466
7945
8175
8070
1044
3256
3183
8808
9663
514
6025
9193
618
3322
3980
4895
5452
9888
5770
7356
6663
6812
4076
7327
9224
826
4997
2545
840
6306
6645
6350
4338
8087
8021
7150
4923
4966
7131
4944
3043
4250
7786
7919
361
2490
3467
2443
5038
8813
9594
3070
3688
2076
285
414
7343
4310
8974
4152
938
9302
4461
4575
219
7127
2269
6997
9707
2111
8559
2102
7382
6583
7300
8782
3296
7762
3936
1430
8190
5014
9367
642
9332
5702
8828
4173
6916
1692
7967
9777
4637
166
3602
315
2254
9114
7483
1749
3835
3658
9406
9907
5648
935
4797
99
3004
8724
153
8579
3198
3667
7961
4448
5285
9442
1206
3976
1367
8372
7859
7694
2054
437
9642
9996
7311
8402
6112
9096
4159
3223
4274
4634
1004
5220
2617
5059
842
4752
1045
8819
4821
6395
4177
1350
7553
4864
115
3506
4890
512
1829
8170
991
5503
7599
375
9165
2704
4383
3290
5351
6397
6913
7718
5247
6601
837
827
6411
2520
9031
8785
5171
1136
7798
6642
335
7811
3484
6768
2210
6326
320
5413
4172
1109
8378
1068
5328
5952
8684
5949
3977
3954
9897
5800
5056
9573
6549
3544
9838
7297
5977
7868
3644
617
2427
275
8530
8937
6745
8171
1538
3298
584
3826
490
7068
1047
9639
6463
1661
2449
3333
9909
8013
2428
2215
9961
4517
8818
3532
9710
8101
4520
1198
8111
5790
9142
5862
7171
8026
1867
2305
4349
2901
8876
2455
8605
9778
1722
2365
8011
9586
3972
2889
6139
4834
381
6834
7076
4479
4467
8485
2307
175
1079
163
2297
8607
5474
2273
6089
7876
1088
8839
6815
9571
1328
9400
8020
2283
5157
2603
274
6802
4004
1295
1773
1411
8186
2846
9323
6008
6240
7541
3571
678
6877
6742
4185
1607
8659
7339
2817
5134
1318
5859
3623
1877
3186
2939
5139
4531
2716
3878
3934
8592
7810
1062
1446
3609
3749
7350
5006
288
7377
355
7971
3121
8499
5067
5586
7634
7651
2447
6413
1300
9575
1864
5701
5655
5471
1668
7933
830
6000
3475
8303
1195
936
6474
3144
7261
8883
8790
3095
5662
768
5062
3364
597
5412
1509
1849
5656
9870
4470
4407
5823
4863
9117
3698
8494
6344
7324
5187
5384
905
5890
8421
9572
454
3615
6432
2694
6133
7806
8524
7595
5706
7644
4554
1682
5647
8353
7629
4943
101
8054
6826
8426
6697
76
2025
6635
4735
94
3573
4051
2480
1475
5031
6023
2030
5986
2401
4450
4009
1735
5085
7519
9348
2685
9918
6590
8867
3586
6780
9884
528
9927
3815
6670
4212
9109
2298
188
8944
6717
1532
1662
1174
2161
4671
6620
908
9760
2362
3458
3546
352
8242
3962
3893
8464
74
440
8895
789
7719
5576
309
3922
317
4040
9588
7943
7726
3212
1715
8562
8696
9601
5076
5330
7531
7392
125
1963
2615
9934
3038
5481
4738
2487
2521
3455
9108
3979
1010
5518
9476
4993
9314
7951
9461
9046
5590
4414
2277
7558
2506
4436
5181
8109
8868
6510
1211
1580
9696
9832
5677
9816
605
1846
8518
3869
8972
7525
4340
7085
6136
4759
8545
3572
4740
77
8166
1941
3227
5026
2492
3214
749
4282
6701
3859
6933
5814
3781
6365
7921
4618
4354
8090
592
5584
2876
9397
1297
6631
9209
831
6625
8271
6656
400
85
1914
6021
1373
5733
8570
8959
895
4287
329
6179
6075
2926
6571
2612
8628
6527
3463
9967
6615
2686
2727
1756
2968
8237
399
5989
643
1631
3674
8935
491
4041
5169
9236
4416
7523
7086
976
2517
8852
9005
1553
8465
4329
7887
7228
2665
7592
4018
899
1056
2719
886
5997
4812
8925
6301
2314
7271
9422
1469
7566
8767
5765
5402
9063
9598
7959
6373
932
8206
4586
6612
917
1053
4717
4486
7364
7600
195
5185
8641
1984
3703
9378
3451
8033
1329
1961
5360
8538
6014
2470
1768
9919
9858
2745
1644
4297
300
8307
5853
9331
1248
3277
2629
1000
2318
6951
573
6144
1243
3131
638
5982
3867
8224
3983
5841
6784
3412
3069
2315
9299
3803
6002
6662
2409
2559
5392
3633
5540
5913
7731
8112
6388
231
7027
8756
2435
7035
1647
4272
2158
714
7165
2432
5199
302
4029
7683
7455
1743
1065
5716
7028
3023
1466
3587
1594
8114
8189
444
6024
5052
2425
8993
2241
1640
766
1032
4765
7409
427
3482
904
6629
9531
7709
6892
203
2637
3199
2249
7302
9530
7782
4893
307
7486
7732
6827
6169
1229
7111
7077
7481
5628
2146
5513
7926
7110
5215
9376
8627
3751
2909
8509
4445
2033
9905
4000
7508
1220
4226
6915
7477
3398
4125
1951
2404
5428
3673
2563
9380
5568
3103
6285
250
9111
6079
1546
559
5146
3424
2322
5594
666
4083
2345
2038
5160
3448
7540
7322
2805
6199
3487
1516
6739
8748
7427
6617
4961
1417
4511
8766
346
4760
1547
129
2468
9317
4214
8691
367
846
4180
4006
7576
5119
1545
2941
752
8012
3992
6854
6720
8586
8798
6824
1241
3872
9908
804
2446
9017
5390
8723
6575
5066
2692
1414
7763
5011
3964
7522
4750
7547
7678
448
5449
8535
7395
4011
1073
1750
5842
8294
3950
388
8811
3621
6163
5787
9566
5779
4122
47
2154
8779
2359
1677
7293
3570
5622
8875
4454
7879
603
3727
5361
5939
3514
2573
6384
3033
9147
7349
118
961
6017
4225
7471
4848
3242
9055
6283
8203
3326
3249
3676
9860
1539
6866
5046
1077
4231
1806
6366
821
1880
5618
8845
1537
7182
6652
4605
6398
3269
6358
6932
8430
5850
5830
2152
5381
566
7869
3551
9103
5571
7502
5736
2357
6559
1928
9928
2436
242
1732
7438
1977
5387
4140
698
4365
5329
2589
3742
1995
1726
204
5972
3342
7233
5122
8498
5436
6119
9474
9703
7389
6176
180
4410
4541
6158
1866
8256
3283
1261
7252
5043
6816
8816
3592
9869
6616
5646
1063
4508
2516
8452
2100
3905
3189
3981
4784
3672
9098
1711
1497
6422
18
2912
9436
4441
3567
2824
106
5649
6437
8434
7332
8506
2451
3351
3358
547
6259
6146
9757
255
1792
1266
8973
2755
9327
452
7160
5681
4667
8821
723
463
9731
3671
4941
2975
1678
2702
7860
9470
2949
6052
7101
7437
6287
9839
7691
9563
1514
1790
575
5475
5060
4794
3652
9727
4669
1427
9892
4983
8162
5880
1298
2503
8965
1686
8501
2198
6414
1357
4905
3110
4516
8164
9049
5756
5008
3098
1215
795
9845
6066
3933
1448
6661
9099
9303
5912
2259
839
5233
1355
1816
3849
9849
6162
4692
8165
6108
8693
4466
3944
813
4394
1238
4770
2940
765
2248
5510
6254
518
1524
5198
5508
7369
8897
9824
9758
7368
1608
4306
728
5232
9334
7614
6122
4964
240
4071
1899
8215
2921
9974
7805
5257
2201
5458
509
8017
8122
9502
7047
4537
591
4980
7053
1371
4124
6425
646
5207
5752
5548
8960
5956
6725
6218
7133
8991
1450
2892
4978
7148
4427
481
2782
2330
4698
1825
4034
5746
2595
8382
5573
1358
6451
3865
1851
8606
9677
6492
8585
1099
9941
2143
7883
3730
9983
7673
2720
1498
5132
8546
6886
6545
8951
5217
6407
6859
909
6314
9699
9772
851
8265
5710
4721
6526
1969
8015
9763
6680
9368
8377
1043
3553
8963
3305
7223
5592
1359
6262
5166
9787
2525
7515
9129
5422
8152
3440
7740
2023
9901
2979
910
1147
395
5664
2683
1870
4095
2410
4392
1033
7994
8182
7580
8777
4908
7494
5245
7179
6897
8200
1765
2761
3329
8900
5545
2667
2946
4697
3999
5524
8861
3706
1090
5486
4328
4284
1529
4965
4019
9553
8266
6265
7075
3067
7785
3807
9518
9709
9405
9250
7061
2180
3669
311
4428
7884
4139
3076
6829
3462
4299
1333
1101
3135
2121
6298
5666
1593
1879
4715
2378
8037
4757
9168
5308
2191
914
6871
1950
8156
5298
9762
3321
6071
5596
6064
2498
1457
5699
6069
6942
5892
6092
2445
9235
9929
171
1838
6557
5543
5983
7866
73
1247
2878
9726
4695
2
2186
7194
190
7636
4074
3075
1921
3953
974
6279
4862
891
4043
6534
194
241
7479
9724
1481
1970
7143
3757
9864
6825
9740
4166
1754
5923
2998
4896
2776
9986
9811
330
994
4069
6181
8488
9493
4345
3405
1432
1159
2157
2122
1403
2751
8740
2069
7
2785
299
4954
8322
7795
6761
2618
3575
7178
6497
6853
9227
2453
5721
5239
3151
9744
2981
1054
2485
8514
6730
3911
8922
7620
4562
5554
7386
2458
9737
3526
3825
9933
2082
4726
7936
7684
647
6386
8553
4653
1659
9213
2605
4826
7535
4067
1288
8441
1888
6476
7551
6327
8512
8568
8191
733
9429
4443
5802
3898
8917
3722
3773
1605
2323
3271
7770
2384
1947
5088
2883
5359
7015
4655
627
4720
3372
2281
6436
6261
654
2664
7018
7429
8045
1351
7896
4712
4086
6167
7852
9170
629
2296
5124
9289
2536
2041
5363
4432
8931
5505
3241
4047
5729
9312
5988
8901
1717
4758
983
5163
8057
3414
6516
8500
3975
8477
9034
9697
5288
8258
3611
8234
2522
2452
7680
4307
703
9245
7578
5284
1482
7844
9797
4352
3844
2255
1467
4113
2534
7593
8329
4273
8158
2352
5963
1707
1583
5644
6223
7952
5878
9298
3756
6347
2937
2964
9527
6058
7106
9219
1587
4523
6888
4774
5355
1733
1567
2792
4899
6533
5439
5227
7140
3594
7100
8125
8043
682
8287
5438
1251
7573
3317
6649
6801
5223
2535
819
7613
8268
6737
913
7413
5136
6490
4251
9460
3180
1185
7073
6622
2419
9723
162
165
3360
6225
2415
9251
6674
774
458
9752
8216
6363
8793
4756
9842
8483
956
1316
5148
6416
4556
7319
7549
4500
7441
4024
7367
3263
9176
9440
1935
1645
1129
4702
4088
1591
5071
9019
4581
8582
7202
1632
777
3182
498
9510
2211
2140
9523
3910
9379
9360
6294
283
6923
6554
2823
748
8260
6197
6939
4666
272
7539
4924
5364
9183
1051
2810
3275
28
7214
3617
2262
3188
6248
1016
66
9399
9178
878
758
6222
1641
9848
4468
8225
7888
8980
7284
9077
1348
5358
108
1824
4790
3701
4277
7163
465
553
612
9674
4396
5210
7820
4817
2114
9505
6152
8339
7778
6165
3157
2848
4563
1089
1230
4619
8902
2286
3018
2293
6843
6929
9409
1103
4377
9305
2484
7256
5183
2825
21
7657
1628
6391
6364
680
5954
2604
5705
7692
128
702
9127
4483
2162
9361
1633
862
9090
8577
1405
7176
1577
6895
9913
3483
5260
5130
2046
3382
824
7909
4975
9619
2213
6647
7146
4707
4844
390
347
9463
2238
6795
7993
7849
9047
7773
7635
1861
7172
3200
8743
602
6891
2396
278
1382
7353
3029
941
570
4947
6001
1344
4413
5189
4806
4938
5717
5293
9248
2412
5259
2906
6550
6735
3287
1399
2929
8212
3960
3261
5034
6610
9051
7641
8613
900
4519
7729
6477
3339
5483
5957
3388
434
3843
955
4171
5777
5553
6004
3165
700
8078
7237
9714
405
9412
6894
1439
270
2471
5025
3059
4447
2160
9306
3724
5294
25
2541
9329
9200
4791
8671
8240
1886
7420
9393
5884
7316
2799
9796
9503
2188
145
8681
5376
8838
3812
5120
4167
4871
7325
946
7249
7712
2108
4767
1398
7839
4906
2648
6603
9081
9056
9942
9174
546
2576
3691
3426
8517
32
4870
5425
8487
2991
9296
6362
8479
7166
1826
825
8253
8030
6304
7597
5994
4505
4084
7488
5511
9935
7650
8469
494
8449
1562
664
2592
1026
8137
5075
3504
9647
8184
8375
8768
6499
1246
1786
8561
3084
9911
773
7123
5110
3393
5755
2199
4861
7253
1239
6470
4357
5793
4375
5577
8745
6597
2346
5241
7881
3158
7378
7290
9339
2411
6986
2935
1132
5243
228
6819
3268
3699
9755
6100
8000
7809
3384
3128
8459
9966
1845
6245
8650
1983
4402
4614
5419
4837
8612
1891
3501
3420
7832
2788
9882
9386
5685
9450
7662
4266
7998
3932
3404
461
7107
3289
1020
2723
745
6147
8115
8024
3990
4509
8854
8169
5084
1196
5435
9013
1980
4690
2675
2656
9252
7021
1887
6134
3432
3224
1856
8085
9681
2738
3664
392
2394
5794
4683
1821
1276
3543
9529
3580
6320
4937
7363
2088
4559
6958
4658
1302
3021
5053
820
9742
5317
3361
896
5848
5922
5208
4168
8940
5812
6205
6585
4492
2753
469
8185
2947
1767
6667
3978
2972
1971
3828
1235
2007
1304
5606
9850
2439
8658
7612
9060
6382
2024
8843
393
2265
4691
2475
2562
8746
5761
711
208
2065
5805
8481
1626
5203
5013
5037
5926
9751
8018
4475
4785
9693
7880
2707
628
6541
8797
9229
9346
88
2729
1979
8317
3177
4952
815
9163
8927
2311
9141
4379
3253
5810
9084
3656
3837
4833
2900
2918
8595
6989
1279
1131
5762
4358
8866
9564
3027
8822
7631
9070
6959
1684
1490
1796
8874
1127
7373
9782
1360
6081
5047
80
1919
9602
2835
6927
3850
6070
2319
3007
2397
6381
342
4393
1671
4320
6385
9272
2833
2341
185
152
417
130
9559
551
1637
3930
5172
5205
4675
1588
4218
4982
8069
4097
5015
9753
3763
1070
526
7946
4733
5920
5516
111
3820
5168
6039
2274
3074
5162
9363
4499
8474
7602
3871
6183
8620
1409
7433
5735
3453
5640
2649
4644
8208
9852
8907
2028
7533
1693
12
4022
2834
7235
6239
1889
8814
757
2505
7385
3218
9817
109
1493
3746
7491
1015
2779
6187
7012
730
9610
1471
8709
8888
4539
8948
5030
7968
1425
7536
1783
1581
5073
4684
8394
2022
3239
9891
6977
4373
3285
4611
9794
5003
3631
6465
731
7128
7167
6502
8584
6953
1804
2377
9822
5546
8928
4971
7126
8462
6172
9473
6434
8984
9
3833
8921
8594
9257
6863
9144
5582
7988
9979
6655
7833
6556
9878
2732
1674
4956
4883
1322
1865
3842
3365
7295
1515
6332
2914
8365
3761
1544
4780
7733
2619
2279
9028
8139
2226
119
1986
8551
867
5861
6536
8955
8151
1233
4935
201
1627
9613
8697
9501
9708
3094
3709
7410
7444
9320
7995
3288
600
6020
7999
8898
9667
4916
61
4694
9874
4197
3054
9205
7976
5144
1217
2059
2857
2460
5924
2919
6073
2017
2150
3478
7989
3336
7793
4840
2040
5691
2086
5103
4032
6084
2219
4099
3044
7059
9102
5530
7257
3260
3718
9469
6586
7188
5799
6700
8419
1023
8063
6057
3764
4813
9479
9487
6334
7802
7218
6331
7248
3422
1737
4796
5757
8363
9570
2632
3622
9006
3323
5063
1413
4487
1727
3147
6594
6037
7970
5469
6137
3052
6116
9258
5339
1265
543
2625
835
6952
9086
479
8755
2182
3153
7201
9988
356
6103
3237
9472
5626
9421
2004
8598
1574
7608
5126
7575
4367
9347
1166
8282
8136
5711
4802
3196
3400
5222
2105
7478
4324
31
1163
6011
7784
3159
2333
2391
2676
6658
2067
296
881
3286
6026
9355
46
5847
43
7314
1534
3817
7886
5383
5448
6168
4105
1966
9139
8610
5297
8717
8520
7954
3436
4003
8791
6690
5826
8002
9894
753
7579
2749
8235
8073
30
3956
2339
8978
841
2477
488
8795
7088
5885
343
7366
5597
984
2494
8788
1114
6660
6638
3100
3564
4606
0
7170
1169
2555
8428
7550
3785
6983
4355
6046
4761
4121
5660
2212
8804
7153
8174
2388
7276
1952
3055
4203
3845
4665
5959
7996
599
689
8781
6769
1710
1566
9265
1703
9914
8539
9837
371
8443
6731
8665
6771
147
5634
9204
3163
3092
2337
4136
206
441
778
7034
9002
1564
5944
8889
4816
7997
5538
6380
4376
2005
6369
4194
6415
9392
951
8666
6184
2581
5995
1212
2316
3745
880
3624
735
8831
6042
9350
4223
3791
4891
3255
9906
6980
9538
1730
6080
1740
8749
9330
5020
7229
7359
8027
7941
407
5629
3391
9587
1510
2006
3770
5741
9525
4664
1119
2368
8093
8278
5234
4739
6329
7337
4788
63
475
4391
8042
4234
1576
4363
6716
5340
2711
5426
6922
9125
9286
91
4534
9370
4646
3087
1820
744
8288
8062
1658
5550
4217
6772
2783
6905
848
3645
1688
6310
9237
3036
1876
2771
4318
2459
7245
5973
290
9569
696
6991
362
4940
9807
5309
2907
4417
169
7187
1326
2626
2272
7854
8251
1991
8608
5143
2873
3897
4699
7447
785
7750
107
5155
3533
2895
2584
2342
5891
1643
4551
2886
4615
4270
5446
9954
2528
2726
4809
6482
9026
3643
3205
2816
3245
3022
4456
8408
3206
6289
4544
3518
6264
5697
7016
7815
3965
4309
3119
5764
8228
3948
9043
9231
4242
8110
1945
8217
3387
7589
3307
6524
5792
8427
1287
3379
3584
2880
2379
9208
3252
9768
3472
6517
601
4773
3443
3855
6032
8014
5218
6799
726
7423
2422
6307
9628
2709
1320
3921
1254
8988
8541
1194
286
4969
5393
9430
69
3461
4880
9190
3902
7259
3306
2746
9179
5845
1395
9061
2112
2489
6910
5101
6110
55
5833
2544
1222
2718
4753
3064
9548
7279
1025
8176
4815
823
4847
3380
8702
4723
2132
7512
3204
9364
4160
2654
4405
6410
8560
4660
9716
6276
8150
6367
966
5686
1895
6751
1353
3805
3926
9856
7440
8532
6636
5266
4236
9904
397
519
3995
7526
6269
8824
4202
5831
7754
7177
220
8323
1611
9021
3265
42
8771
8903
8407
8654
3325
7991
2660
9504
8885
7665
5918
1542
7490
5186
2031
3264
8048
67
3538
1173
86
7145
8757
3813
4677
2574
5682
7323
982
9814
5057
8614
3668
7341
297
9091
9688
6045
5445
510
864
9011
6448
6185
8989
4028
5670
373
6579
3638
6918
1731
3963
3917
1144
7000
4474
9925
2197
3728
1926
8856
2777
6779
8624
567
4515
517
8098
2811
332
5520
3585
7546
8543
3490
9653
6193
2845
1172
4429
722
1843
9270
6862
2326
8199
1387
6469
822
7534
8504
4949
3748
5690
5865
6596
2200
7697
4648
2851
8637
8211
3678
1780
2109
9712
4873
9396
8508
7258
3146
5112
5177
8679
540
1058
6762
5082
1701
8032
1388
3800
9791
8719
5971
2366
4705
4827
1421
5667
3301
6087
4057
4898
6077
3881
6371
2117
6486
595
1893
4869
2948
9560
360
3588
1609
3228
571
4547
8327
9808
4985
4913
8573
4649
9480
2151
48
7198
9432
3775
6747
3651
2095
5453
4922
4045
4278
1337
8548
2913
9975
792
688
8653
6530
1122
470
4033
8168
4286
2523
1464
4990
2403
9121
1416
677
7260
7780
2156
5981
3332
2881
6418
8688
3476
1191
2110
4295
9728
4146
4853
5190
6715
83
1018
892
9408
114
9354
5180
8286
4849
1139
7520
2512
3334
4798
1465
8515
9558
8857
5022
6444
1410
1900
707
4333
4970
3760
7981
8001
2267
8706
267
5539
6266
426
8924
9188
9424
319
806
2897
3731
660
7686
2827
6728
104
3841
3024
6753
3160
832
5572
4524
6525
6118
7978
2431
2695
9517
9428
3840
4535
1612
7060
798
7913
8581
359
8510
2331
5295
6903
7524
7124
7484
8399
3331
2127
7688
8747
9151
4001
4835
9522
2474
4617
4188
8986
178
7174
268
2467
2890
1819
237
5042
2463
6235
7400
472
198
2083
1885
4341
4433
7328
5693
3755
5704
8728
2045
6835
5900
4013
5998
4141
2036
2887
5723
7755
7857
4867
9514
6823
7091
6806
9221
2860
9585
9534
9373
6709
2245
424
1834
5951
3193
2642
3009
4932
1890
8300
4598
8626
8640
5102
5771
6177
4256
1240
447
9345
1273
333
249
6471
673
70
4031
7745
1746
5975
2349
3291
1744
5616
2383
354
7046
2091
2363
7843
6296
3899
1833
2768
4126
2278
4362
3909
3991
155
9595
1556
2971
8252
3890
4314
3646
9030
4224
4755
4327
889
7937
5447
366
6865
6912
7746
6123
3477
7655
9022
7265
6316
8599
4117
5849
5033
3836
2758
1651
8031
3566
5788
45
1719
4240
8645
4510
527
5310
9562
3471
2610
3378
685
3125
7299
5868
3238
9691
8604
6145
60
9262
4462
2303
2237
1598
3030
7695
8289
4911
8204
5341
1143
9216
2052
9291
9910
3784
3354
9618
4346
6013
4749
294
1489
3002
6573
3327
6555
5883
1634
5529
8358
2997
3503
7017
6677
6114
6318
1680
3896
4903
8291
8035
425
8711
7224
4661
3060
4532
5760
2885
954
3468
640
9701
2553
9420
8540
5569
4127
9622
2063
9801
1997
6040
5431
2441
7119
3395
9898
3082
6256
8638
1508
9052
9940
8106
7561
134
6489
1802
6101
9116
1242
3123
4709
9937
3374
277
9900
3425
3831
805
7739
6164
3356
3851
2923
207
186
3091
5464
2271
9434
1218
8943
2780
6691
9295
5061
5410
8678
6914
8611
2756
9499
1468
3399
5563
5911
2765
5017
2982
890
1193
8269
4207
7282
8299
4451
4925
7439
3495
8369
692
2003
5902
718
5230
9596
3175
1094
2221
6580
4897
9544
4484
9356
2597
5860
3349
9283
9539
2733
3085
7908
8667
2205
8007
8113
3373
3423
3078
6328
378
3522
2977
8350
2081
5580
6770
4493
2925
59
9829
8550
6988
2440
681
9203
1115
6498
8425
1525
3314
2606
9584
5872
1803
1236
7664
3595
1178
6211
3523
5176
4344
7301
3873
3222
4616
9254
8753
1386
3517
7670
1777
7269
7205
1708
7262
8400
4482
6514
7312
1579
6260
6315
8071
415
9532
9497
1639
8423
649
8138
7336
5835
3568
2596
5386
6845
2034
7066
1817
1290
8044
1207
8750
2568
467
3696
3793
6902
2064
8796
9589
7308
5228
7567
3493
872
8391
5200
4549
9923
5371
9357
6351
5352
859
7586
2230
2766
5382
2472
2529
8418
254
8046
8554
4706
6562
4158
9094
8120
9301
1818
4107
1456
4620
8786
9172
4778
3860
3788
1646
4566
5321
4331
6009
2020
374
2044
9311
6501
3739
11
7459
3089
6686
5050
7342
6874
2284
8680
2479
8383
7467
64
9273
4091
3811
5603
1260
376
4063
8319
1929
3589
3535
1363
3178
9462
9417
3732
4449
2442
2804
7825
9057
7891
9690
1082
9175
9793
3943
502
7939
2170
6182
1828
6309
9607
9477
6967
9565
3782
9241
8934
137
9443
4279
7607
7969
9268
2594
8817
3558
1189
7669
5142
5347
9702
3244
3017
5678
9401
2579
9669
8933
6200
5658
3176
6752
7448
2016
6966
5966
4372
8537
7730
8906
1568
3062
6814
740
3295
2193
1335
287
7924
5931
236
8153
7964
8966
2012
3116
8572
1697
1216
683
8995
9631
5485
3741
2413
6938
4332
4263
3319
9815
3705
3407
5650
4068
96
7103
2527
7164
9293
6022
5801
3649
8442
6305
5278
6242
987
9449
550
7412
9764
2996
3838
3528
9358
4300
6817
7011
1285
9145
4811
7115
8429
7156
3497
986
344
2953
2421
1871
9800
4016
7594
4973
8844
5337
3141
3421
882
8964
9106
9128
5776
5010
5987
5430
6523
9950
8192
1512
8968
5565
135
8309
3028
3612
1197
3796
2495
9261
8644
9062
782
4808
8882
4892
5269
5045
3143
8683
1523
8178
435
6311
6295
2690
9243
9698
1412
19
1913
276
2931
6740
5595
6840
2039
5709
3065
1511
6475
4090
2784
923
8475
8261
1975
4356
7632
8668
8379
7797
6560
6666
4663
6604
8914
3166
6194
9541
576
897
2760
8823
4639
2698
1797
6085
7192
6665
4803
7771
4991
5312
4888
8695
4981
1809
4829
999
4719
1770
3337
7151
5209
4613
2853
5935
4267
430
7504
2256
3733
9263
3794
1555
9749
2185
2115
912
484
3614
6065
799
10
8552
9232
4495
9365
7313
3959
8466
2220
9951
6984
998
2481
4109
3402
4571
2882
661
3747
5683
9372
148
8862
9300
3590
2590
4290
4289
7010
3350
4793
8739
8250
4415
7482
174
3167
8084
9344
16
7623
1738
2821
1559
3752
3607
6688
9902
350
572
7675
7155
2708
7357
9197
5671
4629
1485
902
4959
2847
1571
2227
53
403
9886
1390
3918
212
927
9633
5420
7330
2266
4219
8733
7451
1278
3340
6421
2537
9153
9413
7627
3219
7903
770
8371
1383
8262
9500
6356
2518
9590
538
8730
3744
2177
4156
9603
8272
6056
2181
8829
1519
4711
8279
3377
7615
6190
6051
331
1135
4876
736
2290
8737
9783
8992
1141
4561
530
3557
318
2942
1385
9509
5476
6868
4210
7506
3720
2762
9072
6689
6869
8675
7735
2324
1013
4264
9186
1978
9181
9160
7456
7656
455
5281
586
9512
5652
2510
9583
7836
8187
358
8059
7563
8325
9579
5083
8571
1670
121
9792
2826
699
164
2903
3025
2795
9294
1853
5196
7545
5601
9943
7232
7619
4457
5641
794
8022
3941
684
7379
6006
1793
1956
4623
2978
9780
5857
687
653
6402
2263
6268
2361
9362
6996
619
8849
924
17
8998
2628
4865
8609
5612
1565
8053
659
9717
5463
7263
3866
8100
6781
453
8273
5659
372
5703
894
4269
5743
2497
7125
3221
9260
9668
8967
6435
7449
7272
6976
593
5558
9264
3510
737
8456
4632
9290
6748
4257
4208
5477
9889
3430
3879
3148
9679
8563
1
8913
1791
5855
5336
6370
1492
4385
5901
6033
139
6773
7794
7530
6230
5331
6925
4305
4440
5832
7329
2514
486
7591
8086
8284
8041
1336
7161
6253
7847
6582
7418
1126
4775
3293
1831
3888
3776
4995
1690
176
2613
9617
8330
5632
4568
4842
3081
7792
7874
8314
7264
432
8909
8439
8328
8438
6128
7568
7362
4453
5976
2420
2731
8742
2258
8859
4485
2456
6430
2364
4589
5608
2673
2228
1700
9426
4578
3876
1418
1494
9543
7721
6275
3971
9282
133
2550
2093
2493
9201
3799
3942
4162
8692
3406
4245
1459
8780
5605
6271
6669
6813
2035
3215
2715
2832
1066
604
5195
5839
6401
1024
1325
8880
8662
1183
1226
377
4347
6767
471
3636
754
2358
1873
6154
4118
1284
8716
4538
1936
363
3801
5251
9766
8961
8453
1554
9359
7703
511
5415
727
7445
3230
4165
2790
9452
9140
4409
3096
5348
624
2130
113
8708
9105
3209
3456
8075
6535
1521
2002
4824
8108
6528
8536
7768
6400
7466
4283
2153
4807
3459
9621
4038
8975
2830
8764
3712
9085
1896
4030
7355
855
2546
5089
5104
6034
7001
8714
4400
5080
8415
5899
348
8047
6783
6148
7904
3311
6345
3370
5962
1812
9159
5535
9374
6488
7830
4477
2049
7346
2242
3369
5919
9516
7803
2050
7436
1569
1496
9239
9736
1939
9750
7321
1118
2042
3168
6267
5111
3355
784
2133
5388
9537
4424
8521
7094
2599
4265
3174
8954
6926
5044
8006
977
7220
2815
5165
9920
5544
50
9625
505
2677
3806
2078
7138
532
5866
9398
3020
9599
4583
2370
4518
3185
7331
7002
8979
7932
1560
1042
5128
7562
9547
3829
6392
2390
3540
4986
9059
2300
6789
2987
3713
7920
8578
7305
2994
9846
5874
7116
978
8950
4963
1704
9840
7916
6746
630
7511
8118
6355
4836
3047
9781
3519
5958
7789
5394
6405
652
4130
641
1558
3005
950
8625
7351
6284
6884
9549
8726
7096
2808
5990
3908
6599
6676
9997
7848
6518
233
3681
477
6417
2540
6788
71
9644
8414
8835
1772
4851
8393
9054
1321
1725
3344
3376
2547
9404
7957
2930
6605
4342
5688
5645
4276
8283
980
3066
6313
1155
3790
9930
8926
2638
4558
4021
6117
7104
8467
6711
2894
919
8673
8634
8038
861
2280
3862
8635
8097
2600
5651
9876
5614
1842
6129
6215
4404
9325
6520
1905
1100
7638
3415
87
8603
8629
8397
5967
3683
7801
6774
4371
4101
7209
8420
7569
9212
6821
1911
4884
3512
8210
9729
3470
5903
9498
2142
9135
6618
1657
1192
7528
4570
9161
9574
6668
2466
7985
1620
6800
7529
5672
1561
4093
2999
7475
6249
4751
8670
1396
3550
141
3579
9075
90
3328
2682
667
6626
9806
2531
3778
9466
4910
1253
143
6
6458
3045
3938
4894
6507
2287
5536
7834
2539
5783
9438
3768
2663
2356
7738
3012
8657
1499
2874
9952
4746
549
9606
4776
2519
3304
8846
2796
1384
3618
5492
1030
8352
5489
13
2960
3450
9486
4633
2775
7079
2515
6792
4389
8450
704
1917
9122
9982
7387
2136
191
9269
6710
6755
5372
776
34
122
6998
1170
8099
2611
419
7062
8616
1476
3560
7560
1830
2075
8304
6340
4316
6975
6209
8558
7974
4444
8119
1527
8694
9410
6849
9097
7907
1604
6339
7291
541
2934
4138
5785
6461
7281
5048
787
9732
3234
8591
9058
5852
1648
4401
2877
4114
4725
2703
7663
5354
8803
5955
433
9964
2171
5680
5440
2565
1753
8081
869
6428
581
181
1049
2074
7821
8403
2739
9809
89
5270
5858
6121
2084
9720
3549
1667
8904
7701
3903
7654
7087
4169
8655
384
7666
7168
8347
8962
708
8490
5985
2735
6348
5342
3711
5028
2424
3226
9277
1718
9756
9010
1955
5152
9238
1840
9138
613
2371
1902
1965
7142
6481
2750
8458
6659
1642
7646
1491
5255
9490
7093
6513
7682
9488
5695
4502
179
5744
105
1988
6564
8220
4232
9492
7405
3108
3338
3937
6083
2879
639
8318
1551
8386
2586
9279
4053
4573
6322
2087
1652
7391
4904
6664
1080
1479
9220
2203
888
3137
328
6460
5611
8409
5555
4209
1040
2852
3077
8511
3210
1039
3386
4595
3861
3240
6592
5676
261
8721
4153
5444
9747
5258
7207
4771
1461
7676
8729
1906
3536
9540
4696
4533
6195
1422
4026
4743
4668
4772
349
7828
9593
5002
2260
1377
7435
199
3988
3967
5502
8720
7338
9993
1451
1487
2635
3562
1616
7008
6889
854
568
20
1536
5856
9968
529
365
6319
8229
1311
1912
1837
5984
1356
5086
9475
3787
9274
9004
3107
1252
7443
9195
7743
5411
1267
8489
4249
4636
1981
4262
8401
9037
3786
2010
5500
3647
578
8471
4513
1179
3753
3466
9110
8463
7149
245
7238
7006
9917
159
9620
6684
6238
5692
2057
1600
943
5870
1259
4048
5231
9249
6302
6096
7720
8004
370
6349
6569
4350
1354
1918
5055
6643
232
1526
3401
8567
3313
3383
3552
7555
9067
801
4930
4163
6244
7044
7514
9001
3847
9803
8437
9087
110
2288
429
2355
3040
875
4745
4874
4828
5623
499
3729
4919
3431
6029
5276
2310
4799
3974
4689
8923
2898
3115
1264
3207
1397
1930
243
3690
8677
9192
6192
1117
8230
3446
6553
1301
508
6965
5638
6794
920
811
810
8248
8370
8705
1500
6143
500
8985
4164
1027
3809
6855
534
2557
5869
5521
4275
6561
9180
4437
8587
1506
2500
6102
2417
1346
2672
7452
6390
3772
5713
9542
6375
5277
2870
8929
6548
5021
1308
8335
2669
3830
3492
4600
445
9605
8232
968
9309
5588
2936
5894
8398
9222
5472
3875
6282
6749
2139
8470
5316
3958
6608
2511
5304
4384
4408
9670
5547
256
1959
7744
6346
3507
3616
1455
4682
3985
3648
7158
8205
4476
1755
7587
7072
1149
8542
2752
3235
8126
5455
8029
1669
4918
7747
807
3721
3734
8699
3634
6462
406
6937
1716
9418
6714
2400
7901
4805
5715
2222
23
2423
5798
6808
8267
5679
3601
6881
1188
8495
9377
5657
7532
5116
5058
8003
7394
7980
981
1934
6589
9284
7113
555
1798
3598
7384
865
930
7872
2001
8878
8146
5627
9316
3821
4431
9985
4364
3854
6957
5332
4366
7972
3140
8092
7708
8342
4670
5374
9292
8977
3292
5796
6692
2875
2983
5256
9337
5968
2965
9650
7982
8066
3251
4182
2350
3345
5125
6491
4254
716
9458
1681
589
9113
8534
8664
4945
3194
7756
4612
7955
6993
5100
2798
6054
847
5501
443
9872
9131
485
8912
6038
193
9947
205
2232
439
9969
4246
6281
4928
3202
2609
8513
5123
37
8893
4183
3689
5727
5637
8385
1618
6574
1915
9173
2658
3583
8752
5528
7527
7882
4334
271
4044
7230
1486
1922
6875
4521
7080
7822
3919
7169
98
4800
5864
9526
8121
9843
2608
4369
1292
1210
1685
523
4248
4062
1916
4593
6188
6299
2662
3130
3479
705
3278
9100
5135
3154
5345
9722
2634
4572
131
239
7275
9148
5302
2240
5001
6981
6214
8676
3704
6308
4205
4497
3846
4540
6887
5725
4494
6928
9217
7303
2141
569
3316
9491
9581
960
3061
3626
5175
6480
1134
8405
9946
7962
7893
2988
3882
6506
9821
4777
3280
4137
8285
5273
2976
7877
2149
6446
5896
9987
6478
9338
7277
8896
743
4858
7507
852
2842
49
1317
1407
8997
2155
4292
503
102
561
5491
9672
22
9483
3521
3792
7604
1734
9694
1061
786
7274
5097
1340
8374
5537
4643
6003
3195
4504
1168
9939
1863
4170
3877
871
2013
7774
5821
7538
2915
7022
9335
5470
8905
5668
5362
9662
4662
2754
2250
5468
3438
9375
6624
5724
8642
4868
2551
1167
6551
6068
2236
3010
3600
8395
5929
1655
7518
6803
112
2124
5158
2285
7069
7814
8451
1676
3449
9167
4382
7897
4247
7212
6076
1389
866
8981
303
2233
2607
3777
6563
1517
4886
9315
9171
3511
3639
6049
9836
2360
9978
117
9427
6614
9810
2483
6621
9678
2556
1599
7408
8117
2125
2569
321
2291
5366
2740
6323
146
759
8619
8223
7426
1006
7020
410
4974
5694
9706
7032
8179
2945
2696
6135
5054
5109
229
7120
4679
3097
9659
7648
1272
6236
8600
2951
336
1695
1255
9915
2482
4360
574
5908
8884
3416
6698
7054
958
2243
4131
72
6174
970
877
7285
38
1972
4050
5525
3574
906
6732
6300
6515
6738
7871
844
5300
3145
2414
9246
6098
3582
9767
4112
5275
2893
1104
3513
2473
8435
5326
5262
3968
1709
7206
2577
1005
6547
594
1696
9992
947
8173
8233
5895
7070
7399
1002
2554
2131
9242
8290
221
8704
9240
3273
1050
2580
5346
5689
5224
3864
5414
764
9862
8784
6078
6598
4522
5809
2195
65
2712
6124
3109
7938
6593
312
9069
1656
1029
1495
7760
1854
3389
5808
3554
8131
6105
2902
8758
3111
990
3019
103
9324
6944
3138
6228
9648
2392
6724
413
4253
3555
5763
4950
771
3403
2389
2306
7470
9415
5583
2179
5106
6447
3302
4261
8468
35
3418
9228
3596
326
9745
3684
6858
3392
5264
1868
1307
6719
1332
3946
1452
7640
4650
7878
5509
8622
7986
3797
1940
565
719
4672
7102
7581
6408
9068
1531
9189
6900
8222
1848
8333
3677
7403
1736
4419
1862
8864
8040
2831
6943
3767
5610
7758
5156
6399
8970
4308
7380
6611
93
1145
8457
8351
7063
7005
9770
1958
8502
4390
3810
4420
1822
3068
2120
6495
5117
4422
9045
5917
4787
5527
9164
5730
8772
7898
2184
6484
5564
2216
918
834
144
5301
5898
4536
3576
8872
5739
4179
9658
5591
8472
5433
2587
4081
4972
6544
5016
3927
1372
5811
3630
7788
6234
4378
2743
5065
9994
1839
952
7841
2450
3653
5159
4979
4737
816
7827
8863
4293
3986
5007
8649
1458
8899
558
2678
3126
1799
8473
353
8969
4434
4889
7393
7402
5837
7376
3258
5575
6374
7983
724
7454
9166
6613
3714
226
3063
5824
5945
5324
5948
4779
4458
4582
9489
7501
9389
9761
6920
9895
8527
7734
4917
1789
7092
5654
438
2659
3359
9636
632
717
1277
3048
7649
7864
7315
732
9322
1021
7870
6675
7450
6785
5311
669
210
3569
8346
6330
7496
7906
4565
7374
2189
763
8713
2094
5265
793
3435
3190
809
9206
3236
2037
36
8406
4789
598
4839
1424
6985
8198
9963
8689
5487
5305
5280
6423
3267
7225
8685
1847
3276
2163
6896
8344
4381
536
4630
4418
2748
5542
6202
1203
3003
8580
2888
7495
5188
6500
7081
6063
9074
8484
1106
2980
1324
631
4953
7791
2759
2208
9945
4343
6901
8533
9039
7696
5740
6372
3363
4843
8292
7157
1910
2839
5829
1370
7625
3213
9734
3819
9661
2106
6542
2773
132
9381
1702
189
416
4103
5357
3
873
1635
8305
3969
8201
5642
7987
4060
4838
6805
4337
3262
9101
3891
5421
6303
6247
7310
7083
1190
7725
3434
8860
8656
9371
2561
5133
6324
4722
151
9226
6839
3480
9218
2056
2491
4221
2464
4017
6546
1091
5350
9340
1078
9805
3057
8461
7711
9568
1281
3556
7340
1176
7537
411
7442
833
5615
8557
9275
9718
7273
4882
3114
1225
8826
1852
351
1393
5113
5201
8760
3783
6851
3191
3397
5377
209
5613
6757
8129
8416
7775
2408
3984
1649
4258
4301
1624
1402
244
1375
9008
3257
2347
5081
4651
9308
6109
123
6531
8871
4144
2962
2800
7037
9623
8794
4110
3408
6443
9115
2807
6424
1443
4550
7503
1974
4157
8529
971
324
7130
8413
542
655
7723
8741
9546
9912
5714
1130
5368
6588
5750
9524
8630
7659
8296
7918
9960
9384
7923
1415
8583
3164
3429
9482
9844
9823
1366
5307
8254
2526
4766
6702
5367
7628
4079
1374
6212
9457
3433
507
6317
6503
9083
7910
8715
2073
6141
4220
4119
8432
856
8593
4676
9873
2372
2721
6971
8410
2301
8820
9746
9834
1962
4244
5283
8388
8332
812
8302
9880
8157
2952
6945
3916
6431
3058
8051
8194
5797
6565
5907
1584
7979
9944
5534
9989
6232
8102
9029
6600
7517
3217
5480
4602
5782
885
436
5893
7564
1805
225
3530
9414
2325
6995
4145
6830
7661
1349
1590
7672
7927
1592
3220
7705
6277
9827
116
9957
939
5889
9156
5969
5836
4135
1724
4626
257
2393
686
3726
4900
9223
8016
1638
8636
124
7159
4915
7521
6898
3951
150
7850
7693
734
9481
1881
6539
1679
7031
4268
273
1315
8847
4439
4036
5772
5827
5095
8648
1776
6438
3088
9009
5965
4151
7474
5751
8161
7667
1597
1504
7236
7660
4525
8298
3904
9984
7905
610
230
560
6095
8334
1408
5484
8575
5235
5497
2499
6246
6694
7065
4942
1151
8763
6487
6632
4216
6231
418
3499
8312
6226
4104
9561
6151
4233
2744
614
8147
2993
1331
2116
3516
7197
3481
5745
4260
9743
1823
2884
1993
9664
9916
772
6227
1585
7430
5882
533
3762
4423
3708
222
4962
9280
3907
6947
3883
3170
4542
3914
5078
5514
7051
2724
4912
8315
2684
8238
428
5338
6479
8354
5602
5029
4042
4330
7761
9425
4049
7098
5504
2570
1630
8932
564
8870
9676
5886
6885
9210
6907
4
7242
6969
7715
408
8621
446
9448
7307
2803
1908
9790
9784
9137
9683
7472
9958
6376
940
901
3740
8686
8597
2585
1713
4116
6243
7180
6956
2872
2674
2373
4061
9038
6067
5937
2309
2866
5795
8555
8257
2863
8143
5669
7058
829
2437
7865
7653
457
4579
7741
8505
2564
1293
7465
7790
7118
7616
4747
6832
8799
2402
9155
1470
7038
4968
9336
5909
3848
4713
4984
9705
5271
7114
8631
9318
8096
7406
9065
7835
2351
6703
161
156
3779
9896
6426
4115
3894
8089
7618
2148
6126
8009
582
3604
2062
817
2543
8337
9445
8387
9214
4406
8792
1154
1739
7030
4187
2175
5726
8887
8873
7915
3880
5427
6893
3827
1133
8956
9508
5314
4005
1270
845
6974
5242
9899
4222
7947
3233
9686
9826
7767
4380
5781
1019
1339
2653
1214
5090
1480
9765
5992
3171
2060
5719
5137
3769
27
2961
8376
2679
9089
1582
4059
6566
1257
4724
8682
5252
8503
8930
3973
8525
1232
4946
3053
7048
9120
3599
1714
4996
8945
3352
9854
5617
9555
6207
369
6630
3654
7577
8672
9580
6173
197
420
4348
9276
6778
6961
2085
5391
3581
238
4686
5834
4732
9738
9044
8311
100
5335
1782
9612
7071
1072
3966
1123
3039
2247
3660
7588
5070
9535
127
308
1932
9244
7397
7808
9789
6904
2757
5551
8133
7461
9715
227
2681
8368
7463
2104
3508
7404
1785
3347
5879
4831
1121
1046
7796
9866
5131
75
1855
4860
6442
495
8
750
8135
4642
5145
2119
521
304
4252
3565
4150
3460
8104
2178
5598
7221
3051
2836
2096
4489
4728
7117
6352
7783
742
5712
7700
3816
650
6161
7601
3201
1903
2990
3152
6016
8362
8834
8207
620
5675
5409
8080
5184
8480
8134
2429
3270
1440
7190
1152
280
4781
1124
4325
9773
1323
6776
4914
7278
1882
3642
2636
5780
8142
4822
9333
9853
6389
7598
8736
7960
6695
995
9624
4296
202
2129
8910
2190
6765
2736
8894
4056
8982
8703
1617
5069
7552
3868
7516
1112
4469
6166
9136
9656
1271
3608
3279
2859
5871
5051
9157
5450
9150
1904
8326
3315
8058
1761
2061
9812
8227
5774
1028
504
385
4659
3685
3874
3525
5306
412
1720
4688
56
5457
5040
9416
2666
9234
9671
7685
5940
8280
4411
4585
1102
9865
7251
2984
5585
8778
4077
8366
2995
658
8381
6883
5397
5191
9582
5459
1810
4213
6846
6861
2183
5674
7544
8732
2828
8448
2048
6072
3014
9652
9281
8264
3754
1014
9999
4464
5173
3445
676
2958
322
775
1660
4584
9711
577
3486
7889
5731
6798
1011
8440
9133
5077
4199
5933
2774
672
3122
1788
4594
7055
1520
7818
1303
7144
7585
8522
6681
4123
2014
2717
898
2967
8759
2476
4361
8851
5851
5000
482
4657
5519
6972
7922
6609
5299
6504
9247
6911
8144
7458
8079
3839
5087
5322
6250
402
8231
1291
2321
1712
3149
4782
5916
5815
1041
5964
7671
3505
4628
450
6921
7966
9454
1923
7855
9687
6263
1171
8297
3697
3682
5930
5960
5291
3106
2513
9551
8754
6088
4075
9326
9053
622
4527
2019
3046
5873
1606
6216
2438
860
4879
3655
187
8008
5665
8316
1741
1299
5154
3915
3529
4196
1352
9976
493
2844
1060
154
5092
9465
4175
8306
1312
3717
997
948
3663
5467
1869
7334
5840
6587
3297
7917
8193
5296
6201
516
8060
9050
1116
5261
6713
2204
4478
2614
7637
1775
9143
2282
6468
4027
7419
9184
8202
8123
9847
3457
2710
9169
2329
7162
1619
8643
2032
6456
9015
6960
6543
1859
8590
39
1431
9437
7812
4438
9118
459
5747
2021
694
2713
791
5559
3858
2861
8566
2454
1937
2027
7497
3577
5202
8061
6007
2728
7381
1664
8564
1420
9024
8651
3246
6257
4832
6290
2687
7990
1615
4708
5578
9112
2231
3172
9657
6848
9198
1874
394
8433
788
5418
4271
3469
9649
5532
8911
2630
1012
1964
460
158
7372
1814
6657
2187
9233
7129
2103
9342
3132
5579
9352
4543
7288
1759
9297
4878
3232
9511
3795
9230
1234
9936
7208
5212
9035
8132
